10,160
10,307
10,286
10,246
10,243
10,289
10,231
8,15
8,16
8,13
8,14
34,3
34,2
34,1
34,0
33,4
33,3
33,2
33,1
33,0
32,3
32,2
32,1
32,0
31,3
31,2
31,1
31,0
30,4
30,3
30,2
30,1
30,0
29,4
29,3
29,2
29,1
29,0
28,5
28,4
28,3
28,2
28,1
28,0
27,4
27,3
27,2
27,1
27,0
26,4
26,3
26,2
26,1
26,0
25,4
25,3
25,2
25,1
25,0
24,3
24,2
24,1
24,0
20,3
20,2
20,1
19,3
19,2
19,1
13,3
12,3
12,2
12,1
11,29
11,28
11,27
11,26
11,25
11,24
11,23
11,22
11,21
11,20
11,19
11,18
11,17
11,16
11,15
11,14
11,13
11,12
11,11
11,10
11,9
11,8
11,7
11,6
11,5
11,4
11,3
11,2
11,1
11,0
10,311
10,293
10,261
10,224
10,208
10,203
10,193
10,179
10,169
10,165
10,159
10,93
10,89
10,87
10,31
10,30
10,29
10,28
10,27
10,26
10,25
10,24
10,8
10,3
10,2
9,7
9,6
9,5
9,4
9,3
9,2
8,18
8,12
8,9
8,6
8,5
8,3
8,2
3,3
3,2
3,1
2,2
0,412
0,1
2,3
0,0
0,268
0,267
0,266
0,265
0,264
0,263
0,262
0,261
0,260
0,259
0,258
0,257
0,256
0,255
0,254
0,429
0,253
0,428
0,252
0,427
0,251
0,426
0,250
0,425
0,249
0,424
0,248
0,247
0,246
0,245
0,423
0,244
0,422
0,242
0,421
0,241
0,420
0,240
0,419
0,239
0,238
0,418
0,237
0,417
0,236
0,416
0,235
0,415
0,234
0,233
0,232
0,414
0,231
0,413
0,230
0,410
0,229
0,409
0,228
0,408
0,227
0,407
0,226
0,406
0,225
0,405
0,224
0,404
0,223
0,403
0,222
0,402
0,221
0,401
0,220
0,219
0,400
0,218
0,399
0,217
0,398
0,216
0,397
0,215
0,214
0,213
0,396
0,212
0,395
0,211
0,394
0,210
0,393
0,209
0,208
0,392
0,207
0,391
0,206
0,390
0,205
0,311
0,204
0,310
0,203
0,384
0,202
0,309
0,308
0,201
0,307
0,306
0,200
0,305
0,304
0,199
0,303
0,302
0,198
0,319
0,301
0,197
0,318
0,300
0,196
0,389
0,299
0,195
0,388
0,298
0,194
0,297
0,193
0,296
0,192
0,295
0,63
0,294
0,62
0,387
0,293
0,61
0,385
0,292
0,60
0,291
0,59
0,317
0,290
0,58
0,316
0,289
0,57
0,288
0,56
0,287
0,55
0,286
0,54
0,285
0,53
0,284
0,52
0,283
0,51
0,315
0,282
0,50
0,313
0,281
0,49
0,312
0,280
0,48
0,314
0,279
0,47
0,277
0,46
0,274
0,45
0,461
0,460
0,459
0,458
0,457
0,456
0,455
0,454
0,453
0,452
0,451
0,450
0,449
0,448
0,447
0,446
0,445
0,444
0,443
0,442
0,441
0,440
0,439
0,438
0,437
0,436
0,435
0,434
0,433
0,432
0,431
0,430
0,269
0,6
0,5
0,272
0,271
0,278
0,273
0,270
0,12
0,411
0,10
0,8
0,11
0,4
0,2
0,3
0,7
